933924193929824259925852710484668417634618667630118463537540079429360159746
20109510445912903215098351331358934981665162556721175492972748242613094144217
20850112664926316112009170593122304114552935542867551140328093984795709383658
20408996468710793826764891011621032217995567377001641179590923663915929728220
13740832275997125477794558668797472445462359848494549491210577813788147376012
1021458802859424090445907780791325050161219014375151310644543831023181482118
20458374176456234123897328208318662119884712802070836200765608603825845619346
8327515911509856525607450664694165902455429158455285091103053747243889478961
14861739395402927032299012414062175215045962162488728449422374048615812971865
19867154847845894395821157170422633377305258884087159228846286759049858873295
18290737513048055632228627838825422820080107520077372607686044104396110894306
13830905853103848751883206746532836889421894169746891537385987728522198014008
16314921919630313867382846705397493279098720374413408043043475234406563562403
5061462371438121437552750945799162235351549098948142866995885774865634730361
5266303120619281817716770804856535601678140698821469410747668802435062807934
18300841877754734421305942868147903379278455076077394583788798443293630088784
6776936469443654483255492831947261725842669212353889898682363907359419103018
5263828988257682573733258314054376707155269246456030500963937494376107192310
628100163705124954906267353496812387900720775322292976812628745860158735525
4734893416636926355608484475875471762776460012762349100366964298729471848937
6587905331778368228206898436329756593077997043065654672774219442711716266996
4515880865505774216109983652477209800568298656227079628495608150716082774697
21026829241284813891057834377070458335899469690048796888135200878489190875460
14263581792055854535103348232276042553547532842086961190794160634500405140640
1868147807905392331451432201042890115818651334603876315601241110503769256729
10749019325976723944231435597992882071147884290235332175755341534996755350802
5828873099044768617807661745422629140332859891315981099640712624864141771981
2212679853565515630200841490154066936841424096859072747686035440671995911547
12700009826127067037180584274281428667862893521631390502164603520552908555627
4864907765631106709271980348412498096635147735391494200087277918437686779103
14638180396140838517672420613824109220942157208392795039504907943139693348477
14436608420399125129269767402949973933859149038250767707988039807734645611881
8578517430215958794906315949220357554838521622271546017017422106941187688876
9715359183772123555040712409911717643669782923889921256867050741376624639658
21667905422434084487845004916034684043692494623070269096035294298355815393083
4512466979273650053589453185687206671932402112298583504376229655169865778856
18817243594344727957978908010221096289430805489484625855702999507793454412176
8192093746296580331361030154330136612653281249181307026030152951090969970718
2341780283868831658129750068897451435183318379120429906703621209883054260973
7320258581061932111537461672507027326200082282928038193984602636632947221459
4911339619055673763618423858547082190336571072279628791108200379070677522895
15582335960378581557278538722284197155822618665320099049297276143232505628824
7869569789698006513182084979995184755334126104042061859117401632996066054580
10239027371314194209854841787577778757846173784370872191467728119435991141640
14337073755095887778090192101707946483763295962339851161422198434136759081444
12930172934085409936107066902440799650802832720884238284885830274441300471563
11785035611250368701248815824713970342949539409601427401905097504980160354693
6252513521995810529054797862958719931925894769061598026158345506984154477615
3202090717278728065580925780895223684702989022577031830385878475155285933197
19773375293395725089332841642246393221841847045770349238258010650342313348354
